Delay  Correlation   P-value
1    -0.630206  0.254437
2    -0.826879  0.084187
3    -0.884390  0.046361
4    -0.884390  0.046361
5    -0.884390  0.046361
6    -0.886052  0.045376
7    -0.896215  0.039506
8    -0.900244  0.037251
9    -0.900244  0.037251
10    -0.900244  0.037251
11    -0.900244  0.037251
12    -0.900244  0.037251
13    -0.900244  0.037251
14    -0.900244  0.037251
15    -0.895085  0.040145
16    -0.895085  0.040145
17    -0.895085  0.040145
18    -0.895085  0.040145
19    -0.892857  0.041417
20    -0.878558  0.049867
21    -0.878558  0.049867
22    -0.878558  0.049867
23    -0.878558  0.049867
24    -0.878558  0.049867
25    -0.878558  0.049867
26    -0.878558  0.049867
27    -0.878558  0.049867
28    -0.878558  0.049867
29    -0.878558  0.049867
30    -0.878558  0.049867
